8;aecnaecn;3;247033073696
8;afcnadcn;3;251446530080
8;adcnafcn;3;247148646432
8;adcmafco;3;384571882528
8;aecoaecm;3;247032030880
8;afkdcfkd;3;659449448495
8;ceaoceam;3;241774463616
8;adcoafcm;3;247132923232
8;bfjdbfld;3;247147364396
8;afcoadcm;3;251427661248
8;cfaocdam;3;247145269905
9;bdancfana;3;453727329312
9;aeaoceamb;3;243922503712
9;bfancdana;3;315852168768
9;aeamceaob;3;243911886894
9;beanceana;3;208477985824
9;afancdanb;3;350212049952
9;aeanceanb;3;209551853600
9;behbehbeh;6;242772770852
10;cdrnpfrnpa;3;260017602614
10;cdqfidqfga;3;591334050464
10;cealqnhnqj;6;1313015909
10;aehjcneqnl;6;172943940704
10;aeqnhjhnqe;5;245958183974
10;bfbqbdbfqd;6;119223825984
10;bebibebege;6;260959504661
10;aechaecehe;6;244980943942
10;benkgknebp;4;105398900768
10;begebnkpkn;5;259111996576
10;begebebibe;6;259177010272
10;beiebebgbe;6;245166689728
10;aechahehch;6;243875714086
10;aeqbeqbeqa;6;172943835335
10;aehcnjeqln;4;246090403872
10;aecqecqaeq;5;242770706469
10;bfhbfhdbhd;5;242837663238
10;bfkqdbokhm;4;693820817442
10;bebrngkinp;6;242938452081
10;aelqnqjech;6;75296251041
10;bdhokmhfbq;6;36679719023
10;beikpbnrkg;4;258944093632
10;beikpnrkge;6;242938336358
10;aechjnqnlh;6;39799950560
10;aeceheaech;6;245923580100
10;aeqechjnlh;6;211598482528
10;aeqeceaqce;6;178312453217
10;bfqdbohkhm;6;566602338349
10;bfqdbfbqbd;6;766119151851
10;bfbrbdbfpd;5;603615616352
10;bfbrbpdrbp;5;662671416896
10;bfqkqdbohm;6;552590219309
10;bengkbnepk;8;499712873751
10;bdqbqboqfm;6;624955731469
10;bkdqhkbmqh;8;632987264651
10;afqdcfaqcd;3;766823734304
10;behebebhbe;6;242772644000
10;bdbrbpfrbp;5;728605631584
10;ceahehelhj;6;240557164675
10;bfhbhbmhod;6;242843594244
10;aecqeqejql;6;208410778661
10;bdqfbqfbdq;5;50637937154
10;aecgaeceie;5;258944208146
10;adchahfhch;5;255137417260
10;afchahdhch;5;247112059946
10;bfrdbfbpbd;5;284714044014
10;aereceapce;5;247333922482
10;aepecearce;5;384471572535
10;bfbpbdbfrd;5;246260742720
10;bfpdbfbrbd;5;257903856299
10;aeciaecege;5;261106311206
10;aehbehbeha;6;243745720453
11;adceqlfjdqd;5;251898036269
11;aeapcrebiag;5;247333913778
11;bjeqhkbnhqj;8;3289584775
11;aehehaheheb;6;245891138662
11;behehahehea;6;245991932930
11;afqdbfbqbda;6;767226387717
11;adbibfbdgfa;5;258977650016
11;cejhehekahj;6;206230884391
11;bdhfhahdhfa;5;247374874016
11;adhfhahdhfb;5;247371740195
11;bfqbqbeoqfm;6;768266700969
11;adifbdbgbfa;5;246159968881
11;aleckqeqelq;6;142809865254
11;afbpbdbfrda;5;246159985714
11;afpdbfbrbda;5;258977420554
11;aejbqeqeaql;6;242836571332
11;bdcfchcoamh;5;247300367989
11;adbhbfbdhfa;6;244411881888
11;bdpfrbrormq;5;654081481792
11;behnqlqnhea;5;242871272453
11;aehnqlqnheb;5;243944981664
11;adbfpdbfbra;5;260487795758
11;afbrbpdrbpa;5;560665971766
11;beaqcqeqaqa;6;76273522693
11;behaqlnhjqa;4;243911558208
11;aehjnlheaqb;4;240690203686
11;aeaqnlhjnqb;4;243911559169
11;cebhebhebha;6;241763025026
11;aeqajnqkehj;4;241596205253
11;aebibebegea;6;257771546284
11;aebrbperbpa;6;484329619493
11;aekrkebnina;5;384821795872
11;aeiebebgbea;6;245201647653
11;afbdhfbdbha;6;251996968064
11;aepebnkgkna;5;402725189664
11;bejhnleaqna;4;139761653792
11;aegpeirclej;4;243810898976
11;afbhkqoqkha;5;251427605782
11;aekninkebra;5;260018021486
11;aeiebnkrkna;5;244161624096
11;adbfqdbfbqa;6;83320045607
11;aepebebrbea;6;397524247744
11;aekgkebnpna;5;402839975968
11;aebgbiegbia;6;243828568256
11;aebpbeberea;6;175326628590
11;aeaqceaeqeb;6;41041330339
11;bdkdbfkdbeb;3;756086310959
11;aejhnhleaqb;6;42046982150
11;beheaqlnjqa;6;242872258656
11;aeqjrlrercp;5;385175864480
11;begeaeciaea;5;258944224266
11;cfhboamahad;5;244993001478
11;bdaqcqfqaqa;5;282566174418
11;aengkbnepka;8;500783818475
11;akfhqbkoqha;8;696533896625
11;bfaqcqdqaqa;5;457082767383
11;adafbhocmah;5;247031924333
11;afhbfhdbhda;5;243911640258
11;ajeahehelhb;6;143951889568
11;adkoqbmkfha;4;247138996497
11;aepkingkrea;6;257769388133
11;aeaparbeicg;5;259145074854
11;afcfqfldjqe;5;254816570422
11;bdgfiberdpd;5;258306952237
11;aeapceaereb;5;384739892384
11;beaheahceha;5;241663312038
11;belheheahja;6;41980859584
11;aehceaheahb;5;247061419042
11;aepbrebrepa;5;244213385733
11;afbdgfbdbia;5;261101761088
11;afbqbqdqbqa;6;251259997617
11;adhfbdbhbfa;6;249759402193
11;aearceaepeb;5;247233336689
11;afkmhbokdqa;4;659449940241
11;adbqbqfqbqa;6;242233971990
11;adoqfbqbqma;6;241768225107
11;afqdbohkhma;6;600963156384
11;beieaecgaea;5;242851365324
11;afcqeldjdqd;5;113989320743
11;akeiebknrna;4;244987297826
11;adqbdqfbqfa;5;247032202341
11;aebrngkinpa;6;244045775429
11;afqmkhkoqda;6;247645392130
11;aerngkeinpa;4;260018026539
11;aeikpnrkgea;6;244046266562
11;afbgbidgbia;5;251438091904
11;adbfrdbfbpa;5;728337449003
11;aegnrkepnia;4;247334610496
11;adbrbpfrbpa;5;728639012911
11;adhdjdlehcf;5;247600381997
11;adqfbqfbdqa;5;84997784672
11;adhokmhfbqa;6;72112865777
11;afbqbdbfqda;6;16177876022
11;adbgbifgbia;5;247607931296
11;beparcecicg;5;247569353997
11;adhkhfbmqoa;6;703376495670
11;adqbqboqfma;6;659349063079
11;afchcocmbhd;5;243913478186
11;afbdifbdbga;5;251629348512
11;aebgnrkpnia;6;257769379019
11;afqmkoqdbha;6;247030912276
11;adcfhboamah;5;247030894637
11;begfifbfrdp;5;259380154016
11;bdgdiebrfpd;5;250790760096
11;adcfqflfjeq;5;7218738227
11;bearceaepea;5;247334438570
11;aegeaeciaeb;5;260018013550
11;aeieaecgaeb;5;243926612352
11;afhbhbmhoda;6;243917931670
11;afqkqdbohma;6;588023794080
11;beapceaerea;5;350346134245
11;adhfbmqkqoa;6;83357703222
11;adoqmbqbqfa;6;75803936229
11;afhdbhdbfha;5;247635121186
11;aeibgebgeia;5;263138148553
12;aflojmdcolmj;6;590972632128
12;aelojmecolmj;5;590968099904
12;adcoafmlocmj;6;247234635124
12;afcoadmjocml;6;285790545364
12;aecoaemjocml;6;281394914996
12;adcoafmjocml;6;281495807348
12;cdamcfolmaoj;6;144472266304
12;bdlfbdmjfloj;5;770179827808
12;adlfcdmjfloj;6;357862968768
12;adlfcdnjflnj;5;220189133856
12;cdifgaridgfp;6;261504501773
12;bdlfjbildjfg;6;323614378080
12;cfpdrampfrod;6;696579196963
12;adjojmjdjecq;4;619721121472
12;bfldbofjdlmj;4;247304664100
12;cfjdlanjflnd;4;247146324618
12;afldcnfjdlnj;4;247334354994
12;afcdlfoadcmj;4;45269236192
12;afadamanlqjm;4;241764208320
12;beancebecnae;6;208443448352
12;bfancdbecnae;6;315817631296
12;bdancfbecnae;5;419366607904
12;adkfcebfkdbe;5;758254275616
12;adkfcecfkdae;6;757166902752
12;adkfceafkdce;6;761797413920
12;aecmadcnadcm;5;746321978816
12;adcmaecnadcm;5;402825487808
12;aecmadcmadcn;5;746340847648
12;afjdbfkdafjd;5;247282534805
12;afjdbfjdafkd;5;590745700751
12;bfjdafjdafkd;5;590744748431
12;cdanceamcdam;5;453706353303
12;adjfbdjfadkf;5;260022340654
12;bfaehjdlfhfa;5;250790117814
12;aecoafcoafcn;5;247048213152
12;cdamceancdam;5;247547942538
12;ceamcdancdam;5;241776573066
12;afqfldjqeafb;5;251897362112
12;adkfadjfbdjf;5;315859111552
12;afcnafcmaecm;5;251412981408
12;adcnadcoaeco;5;728151440416
12;adcnadcmaecm;5;247115097760
12;bdamcfbecoae;4;659885904928
12;bdamcfbfcoad;5;678139967520
12;afjdceadlfce;5;247048347692
12;beamcebecoae;5;655490503712
12;adlfcebfjdbe;4;105399433248
12;afjdcebdlfbe;5;247014787340
12;bfamcdbecoae;5;659785569856
12;bfamcdbfcoad;5;677703629376
12;afjdcecdlfae;5;249330042924
12;bdrfpfbfgdid;5;251428118987
12;bdlfbecfjdae;4;104325679552
12;bdcoafbeamce;5;262169273802
12;adlfcecfjdae;5;344843860576
12;adlfceafjdce;5;349608589344
12;bfcmadbfaocd;5;498388470251
12;becmaebfaocd;5;728269883883
12;bdrdpfbfgfid;5;247233684850
12;bdjfbecfldae;4;245004273760
12;adjfcecfldae;5;260036660608
12;bdjfbebfldbe;5;258962960480
12;bfhlbobmjhbd;5;244992760384
12;adboqmadldjd;4;728236034091
12;bfaocdbfcmad;5;260031861088
12;afldcecdjfae;5;471745955894
12;bfaocdbecmae;5;247314174304
12;afldceadjfce;5;453492366386
12;afldcebdjfbe;5;453492345585
12;beaocebecmae;5;261269671968
12;bdaocfbfcmad;5;260237381664
12;beaocebfcmad;4;261089873952
12;afkdafjdbfjd;5;659617233973
12;afkdafldbfld;5;659464141868
12;cfancfamceam;5;282576652945
12;cdancdamceam;5;454777997952
12;adcoadcoaecn;5;247268184416
12;bfkdcfldcfld;5;625105928236
12;cdamcdanceam;5;260430747264
12;afkdbfjdafjd;5;659583666677
12;adcmadcmaecn;5;384908464160
12;afkdbfldafld;5;659463080428
12;bfkdafldafld;5;625103438316
12;adkfbdjfadjf;5;281499372596
12;afcoafcoaecn;5;251562922432
12;adcnaecoadco;5;494109277216
12;adcnaecmadcm;5;253591102912
12;adlfadlfbdkf;5;350217703136
12;aecnadcmadcm;5;253475530176
12;ceancdamcdam;5;207416822423
12;afldafldbfkd;5;625291056175
12;afldafkdbfld;5;247348614188
12;afcmafcnaecm;5;492281374368
12;afcmafcmaecn;5;492282417184
12;adcmadcnaecm;5;384907421344
12;ceancfamcfam;5;208026045056
12;cfanceamcfam;5;282114230929
12;afjdafjdbfkd;5;625105449007
12;afjdafkdbfjd;5;247316099125
12;adjfadjfbdkf;5;260023389632
12;afcnaecmafcm;5;251446830432
12;aecnafcmafcm;5;247033374048
12;aecoadcoadcn;5;258862060192
12;adcoaecoadcn;5;258962952544
12;adlfbdlfadkf;5;350216653879
12;aecmafcmafcn;5;728084746272
12;bfldafkdafld;5;247314088620
12;afldbfldafkd;5;590931298991
12;afldbfkdafld;5;247347546796
12;ceamcfancfam;5;241949588096
12;bfjdcfkdcfjd;5;247348985909
12;bfjdcfjdcfkd;5;659464519727
12;afcmaecnafcm;5;491946485088
12;aecmafcnafcm;5;728069023072
12;afcmaecmafcn;5;491962208288
12;bdokhmhqkbmh;8;703849899725
12;bepkegrebpnk;6;485588306193
12;bdbhkqdbmfqk;8;34970678383
12;bekpkngniebg;5;109760776469
12;bdbhfqdqkmkh;5;178849555552
12;bejhjqbnjqjh;6;208473824291
12;bepekgkibngn;5;279342865446
12;aehaheqnjnqc;5;246023290918
12;aeqneceanqce;7;173983931494
12;aenhncnahecn;7;1280416836
12;bfqkdbfkbqbd;7;758099640555
12;bfkqdbfbqkbd;7;628323129867
12;beikpnbnrkgb;6;242703685075
12;aelqancqjehc;6;240722777122
12;aecehenaecnh;7;245957165252
12;aenqejnchnln;7;244883391685
12;aecehemaecoh;8;589554531524
12;aeceheoaecmh;7;258842047684
12;aeqechdjnlfh;5;384470916768
12;aeqechfjnldh;5;315752094816
12;aeqecegaqcie;7;178325068908
12;aeqeceiaqcge;7;189049904238
12;bdgnifbepkre;4;257870351406
12;bfldbqfjdlqj;5;76709724213
12;bfbrbdbhfpdh;6;775280057696
12;afldcqfjdlqj;6;76608968757
12;afldcqfqjqdq;7;466380402734
12;cearcpelrapj;6;143900458019
12;aecjnqnlhehe;7;108515171366
12;bebrbpekrbpk;7;483221853303
12;bdkokhfkmbqk;7;250785992806
12;bebrbpelrbpj;8;483225948279
12;afkdcqfkdkqk;7;279276066863
12;berbnbpeikgb;6;437201076258
12;beikgebfrnpd;4;247267151520
12;aecnanhqjhqe;7;138686762055
12;adlnjfchnhnh;6;50633740994
12;aflnjdchnhnh;6;40970457698
12;adlnjfhnhnch;7;46312458949
12;aflnjdhnhnch;6;40944110085
12;bfbhobdkqbkm;7;560106419782
12;bernpenbnrnp;7;293319448962
12;ceaehehlehej;7;173013174275
12;bfrnpdnbnrnp;8;293890350466
12;bdrnpfnbnrnp;7;293319368386
12;bfqdbhcokmah;4;247501982317
12;bfrnpdbrbnbp;7;277419300900
12;bdrnpfbrbnbp;7;277217843556
12;bfrnpdbiekeg;5;419283110048
12;bdrnpfbiekeg;5;418813479392
12;bebnrkpniege;7;244869038182
12;bebeibgorepm;6;250622574694
12;afkdcohmkhkh;7;657163749613
12;cehnheailqjg;6;18425781602
12;afkdcoqbhbqm;6;669614552096
12;aenhjhlqjqne;7;145027501094
12;afrnpdncnrnp;7;706203475029
12;aernpencnrnp;7;705633147979
12;adrnpfncnrnp;6;705633048655
12;afrnpdcrancp;6;327179929749
12;adrnpfcrancp;6;326609524882
12;ceaereoceamp;7;241796727437
12;cdrnpfnanrnp;7;396394316182
12;ceaerenceanp;6;241965547981
12;afcokadcfkmd;5;252501304770
12;bfmqbkdbhkqd;8;117791818308
12;bfrmpdobmrop;6;288506371106
12;akdcoamfkocm;6;244989633910
12;afkdcrfpkrdp;6;657881827375
12;cfaqcdaifqdg;6;119599215648
12;bfbrbpdkrbpk;7;662772078167
12;adcnjafcdlnf;4;262167399456
12;afcnjadcflnd;5;243930239018
12;bdbrbpfkrbpk;6;7051060343
12;aelflolmlfcq;4;252501763136
12;beibgbelpbrj;6;591971667392
12;adkfcqkfqdkq;6;119867642912
12;adkfcqkqkmqo;6;117733804064
12;adkfckqokmkq;5;625175301152
12;berepbeogeim;6;259130576512
12;berepblegeij;6;660691165237
12;adhfhckohmhk;6;556857952481
12;adkfckhkdkfh;8;701197979343
12;bdkfbkikdkfg;6;220527364192
12;adhfhchqdhfq;7;243325216406
12;adkfckikdkfg;7;220530511584
12;adhfhchpdhfr;7;609471171222
12;cdhfhahrdhfp;7;261332981773
12;adhfhchrdhfp;6;261243275926
12;bebnrepnibge;7;260955079046
12;adkfcmqokqkq;6;105474888736
12;bebepbrogeim;7;243359973489
12;adkfcmhbqbho;6;51147544256
12;aeqnqecrjhlp;6;258170980485
12;bkepernpnkbg;7;501777227029
12;begbrkbeibpn;6;109577592192
12;bdpnrnfbingn;5;109697115520
12;bfbdqlbmbojq;6;40986885707
12;aeakqeankahn;6;178243339399
12;bfkhbkobdbqm;7;622880594080
12;bdpnrfbnrbpn;6;418937617683
12;bdpnrfgbinbn;6;109702069506
12;bfhdbhldbfjh;6;260526255264
12;bebgeilpbrje;7;586535836774
12;aeperkceiegk;6;693705018423
12;bfhdhbrmhoph;6;590663409229
12;bfhdhlbmhohj;6;259952091182
12;beperbnperne;7;368767565937
12;aepercnperne;7;471443967441
12;bkdbfkrdbfbp;6;316221512805
12;beperboperme;7;230892404842
12;beperbmperoe;8;368350232684
12;aepercoperme;6;472115055658
12;aepercmperoe;7;471462841388
12;bldbfjrdbfbp;7;731759598702
12;bjdbflrdbfbp;7;728543616108
12;bfjdbrfplrdp;5;258455229484
12;afjdcrfplrdp;5;258456848428
12;cfapcdaifrdg;5;734816569376
12;ceaqlnjqceha;6;241665414148
12;bekpbrkgeibe;7;242699621478
12;adkfchdkfkhk;8;34605783211
12;adkfchdhkhfh;7;770118307936
12;adkfchbmqobh;4;247508095021
12;adkfchmbqboh;5;703477176354
12;begqbgknqgkg;6;243139892337
12;bdqokqhfqmkq;6;240696103499
12;bdbfhlbobmjh;5;247131033217
12;bdbfhjbobmlh;6;384569976455
12;bdqfbqlfbdjq;6;634753686019
12;bdingfbngbin;6;728692444194
12;aelqjnqnqecn;7;109756616865
12;bebreplibgje;6;260957186054
12;bdingfrbpnbn;7;728668097762
12;bdqfqlboqmqj;6;137610627793
12;bdqfqbgoqmiq;6;240697157003
12;aeiegkceperk;6;116150777911
12;bkebrbpekrbp;7;41207225461
12;bkfbdkifbdbg;7;252674980117
12;aeiegcniegne;6;251671874598
12;beiegbmiegoe;7;243074105446
12;beiegboiegme;8;449245315174
12;blfbdjifbdbg;7;321389312277
12;aeiegcmiegoe;7;259193310630
12;aeiegcoiegme;7;471794191398
12;benpenkgkibg;7;499712755989
12;bfjhbfhdbhld;6;242836603014
12;bflhbfhdbhjd;6;243307413926
12;bfkdkqkqbohm;7;635319723661
12;bfhbhbrmhopd;7;299751910980
12;bfhbhbpmhord;6;255728037444
12;afkdchkmkohk;6;663241099439
12;afkdchkdhfkh;6;669612443693
12;bepbreborepm;6;250656129459
12;begeibeorepm;5;246226724102
12;afkdckhmkokh;6;657307208399
12;afqdqckmqoqk;6;597180488768
12;begeiblerepj;6;671294687399
12;aeceqhlejehq;7;142844365030
12;bfqdqbqifqdg;8;559833365613
12;afkdckqkfkdq;7;415218283563
12;bfkdbkrkfkdp;7;639027019830
12;afcodjfadlcm;4;251293448608
12;afcmkadcfkod;6;491944688676
12;cfadlofcdamj;6;386015103665
12;cfamrcdafpod;6;385646019153
12;celojmeaolmj;6;659696991269
12;adropfcramcp;5;353433147663
12;afropdcramcp;5;457082767631
12;aeropecramcp;5;112915056911
12;aerecegapcie;7;316064944818
12;afcdhfoadcmh;6;251728507940
12;afcdhfnadcnh;5;251427225636
12;aereceiapcge;7;325717088946
12;aerecehapche;6;315919183538
12;ajecoamelocm;5;144051381271
12;aelerepjrepc;5;110767449792
12;aeceieoaecmg;6;252420177973
12;aeceienaecng;7;252419524245
12;aeceiemaecog;7;149340306485
12;afqdcfgaqcid;6;767227436416
12;alfcoadmjocm;6;350182548981
12;aldcoafmjocm;6;247103563125
12;afcmaldcfjod;6;492147063861
12;aecegeoaecmi;7;245971505521
12;aecegenaecni;6;257770083697
12;adgnifncngni;7;701505854913
12;adciafcrdgfp;5;258350385197
12;adciafcpdgfr;5;155405355053
12;adciafcqdgfq;5;257779945517
12;afcmajdcflod;6;491945737585
12;aelpjrecplrj;6;110781214784
12;aecgaiekgcik;5;243913460361
12;adjfchdlfjhl;6;259981249696
12;adkfcgdkfkik;7;300222666805
12;adchafcpdhfr;6;609482803917
12;adchafcrdhfp;6;261590911693
12;akfcoamdkocm;5;244991501846
12;bermpeobmrop;5;287946414114
12;bdrmpfobmrop;6;287931752130
12;bfrmpdbrbobp;7;666497261622
12;bermpebrbobp;6;665888037942
12;bdrmpfbrbobp;7;665889088246
12;adcogafcdimf;6;247111951725
12;adcfjndafcnl;6;659428809773
12;adcfjmdafcol;6;252480665645
12;afpdcfiarcgd;5;258977388128
12;afpdcfharchd;5;258977420802
12;afpdcfgarcid;5;258983712128
12;adogmcoaifcm;6;144057902455
12;adkfcidkfkgk;7;499535984224
12;bfioporoiohd;4;261091952657
12;afcoladcfjdm;6;251628889557
12;afcnladcfjnd;6;251647758389
12;cfanlcdafjnd;4;178748753937
12;aecohahehchm;7;37652272358
12;ceaoqcqeqaqm;7;241594175683
12;beqeqlbqeqej;8;173983076359
12;aeqeqkcqeqek;8;104287376610
12;aehehclhehej;8;173110591682
12;afcnkadcfknd;6;251446432361
12;akecoamekocm;6;73190713078
12;begnkbpnrepk;6;485501230176
12;bfkqokdbqfhq;7;689458682016
12;bfkqhokmbohq;6;242776414368
12;adcfkdoafcmk;6;556437677421
12;adcfkdnafcnk;6;570396317741
12;adcfkmdafcok;5;556437681203
12;aeceqlhqncnh;5;140828182566
12;belojembolmj;6;556618857634
12;bflojdmbolmj;5;556625146914
12;bdifgboidgfm;6;494541045805
12;bflmjdobmloj;4;247267134880
12;bdlmjfobmloj;4;244046039456
12;bdropfbrbmbp;7;318007390930
12;bfropdbrbmbp;7;456016769074
12;beropebrbmbp;6;421086599218
12;afcdkfmadcok;4;251663595552
12;afcdkfoadcmk;4;251424520576
12;aepeceiarcge;7;389001421271
12;aepecegarcie;7;384712745367
12;aepeceharche;6;75468808311
12;afjdcqfqlqdq;7;636447537196
12;bfbpbdbifrdg;7;734816418368
12;adlfchdhjhfh;7;356861590176
12;bdbqfkdkhmqh;5;243343140000
12;bdqfhdkbhmqk;6;622953797728
12;bkepnbkgnieg;6;178496274468
12;aerchapecehe;7;348060179558
12;cejhcqnahlqa;4;213846689793
12;bdbqbqobqbfm;7;41475914861
12;aleqechnhnjn;7;40943812709
12;akdcfkndafcn;6;178798268463
12;adjflcnjdlnf;5;263203523616
12;bfmpdrobpfrd;6;456759380064
12;ajdcflndafcn;5;247503065123
12;adjflcmjdlof;6;259989638816
12;ajdcflodafcm;6;247503070572
12;afldcjolfjmd;6;626364790837
12;bfldbjolfjmd;5;626733973557
12;cfldajolfjmd;6;626297780245
12;afcdhlfadcjh;6;626162415652
12;bfldbjnlfjnd;6;42215768277
12;cfldajnlfjnd;5;42349987861
12;adbfbpbdbfrc;5;252501310033
12;bfldbrfjdlpj;6;660691419189
12;cfarcpdlrapj;6;146216270883
12;afldcrfpjrdp;5;454566086702
12;bfldbrfpjrdp;5;454532628526
12;cfarcdaifpdg;5;260271950880
12;bfpdrbipfrdg;6;731628898400
12;cfaopcdafrdm;6;246273477265
12;bfjdlbojflmd;4;6629216311
12;bfjdlbqjfldq;5;243409190956
12;bfjdlbrjfldp;6;261677023276
12;ajfldcfojdlm;4;281500059687
12;adcogaifgcim;5;247602685197
12;bfpdrbopfrmd;6;628915655776
12;cfajrcpldrap;6;627841913891
12;bfjhbobmhbld;6;385660682284
12;bfpdrbnpfrnd;5;57684985952
12;cfpdranpfrnd;6;43726342563
12;afjdlcqjfldq;6;243423786028
12;afjdlcrjfldp;5;261671094316
12;afclnadcnfjd;5;251629092917
12;afrdcfiapcgd;5;320147262912
12;afcdinfadcng;6;251628897493
12;afrdcfhapchd;5;320147128775
12;cdafrdmcfaop;6;178816106979
12;afrndcfanpcd;6;251528652235
12;ajfcoadmlocm;6;144225445303
12;afpkdcfkarcd;6;251461129585
12;afcdgfoadcmi;6;251429671281
12;afcojadcflmd;6;388866516439
12;cfaocldafjdm;4;247108569105
12;adrmpfcraocp;5;322292539072
12;adkcoamkofcm;5;247137128809
12;aermpecraocp;5;322310474432
12;aermpoecmrop;6;322310462528
12;adcgafcqdifq;5;242971940110
12;adcgaifkgcik;6;250825673357
12;adcgafcpdifr;5;471678945550
12;adcgaifjgcil;6;316324973197
12;adcgafcrdifp;5;261225875726
12;aecdlfaecfjd;5;493623445557
12;ajfcdlhfadch;6;260050007076
12;akfcdkhfadch;5;260019596324
12;bdifgbqidgfq;5;243083083821
12;adlfjchldjfh;6;357594533568
12;bdifgbridgfp;6;261538054189
12;adifgcmidgof;6;254050044365
12;ajfcdlifadcg;5;260051061813
12;adifgcnidgnf;6;254042724397
12;akfcdkifadcg;6;260220923957
12;adifgcqidgfq;6;243317887021
12;adifgcpidgfr;6;162787231789
12;adifgcridgfp;5;261605034029
12;cerebeperbpa;6;178547917547
12;aerebeperbpc;6;178615199234
12;adbfqdqbqfqc;6;178816090611
12;cdkfhdhkhfha;6;770118352948
12;celqancqjeha;6;242868125829
12;bechjnlhaeqb;6;171836546118
12;bdjfhdhlhfhb;5;151790520352
12;adhfadhfhchc;5;254613851168
12;celerepjrepa;5;42048620555
12;behjncqanlhb;6;242771597440
12;aeikpnbnrkgc;6;243811400201
12;afcobocdambm;5;595025186240
12;aecoboceambm;6;209451198112
12;adcnbocfambn;4;247608807456
12;aehjncqanlhc;6;243744837666
12;afcnbocdambn;4;245004586016
12;aecnboceambn;5;244214992928
12;aecdjfaecfld;5;246175959084
12;aeadjfcecfld;5;247249537196
12;aebdjfbecfld;4;247249111077
12;cfbdqbqboqma;6;669113319761
12;aecfldaecdjf;5;364171206694
12;aecfkdaecdkf;6;566040857638
12;adcmbocfambo;5;316322168224
12;bereceperapb;5;247267495186
12;adhnekdokhoc;6;249692358803
12;bepeblnlgjnj;6;365315609638
12;bdbqcqcfaqaq;5;317362116768
12;ceadlfceafjd;5;385175816213
12;ceadkfceafkd;6;591240792079
12;beadkfcebfkd;5;625613045797
12;aeadkfcecfkd;6;659958007983
12;cerbgnknibpa;6;429822937285
12;adchchbfbhah;5;254548313696
12;bdberebfbfpd;5;773702409261
12;aebdaocfbecm;4;247028889216
12;afikgkdkikgc;5;162885175328
12;aecobnceanbm;5;244213950112
12;aeikgkekikgc;6;403074913312
12;adbfhbhbmhoc;6;247640441957
12;aeapcecebrbe;5;396382701798
12;aeapceckngnk;6;384672781538
12;beadjfcebfld;4;247248031781
12;cfbqkqbodhma;6;591237586245
12;cdaobmafcobm;5;247553175810
12;aecdkfaecfkd;6;658889508911
12;aebdkfbecfkd;5;659972687909
12;bdqfjdqfqlqb;5;260051149829
12;beceiegaiegb;5;246308604960
12;bebdkfbebfkd;6;625600528431
12;becdkfaebfkd;6;624529866799
12;aeafkdcecdkf;6;737873103904
12;aebfkdbecdkf;6;600400596160
12;cecdlfaeafjd;5;491476060181
12;afchcoamhbdb;5;243911362250
12;cebdlfbeafjd;5;350815888405
12;bebdlfbebfjd;5;385175846965
12;ceaobnaecnbm;6;722643028623
12;afcnbncdanbn;5;251446480256
12;afcnbmcdaobn;5;251446971444
12;ceaoboaecmbm;6;241607281291
12;aeqcgaqeceie;6;258946108818
12;cdbhbkfmqkoa;6;242266593600
12;aebfldbecdjf;5;364171207872
12;adcmbmcfaobo;5;7084522549
12;bdbqmaocqcfa;5;247568794981
12;bebdjfbebfld;5;247248112684
12;becdjfaebfld;5;246174308396
12;cdaoboafcmbm;5;247553198347
12;bebhrbebephe;8;430693384518
12;adcmbncfanbo;5;144541301792
12;adcnbncfanbn;5;247616311712
12;bebhpbeberhe;8;174071366918
12;aeafldcecdjf;5;364204766240
12;cdaobnafcnbm;5;144473950479
12;afqbqboeqmfa;6;765078902087
12;bfbhlobmjbhd;5;249282726539
12;becdlfaebfjd;5;492549799989
12;bdhfbrmrkpop;6;255160165952
12;afaqcdcohkhm;7;35100135661
12;afbdqbqboqmc;6;600393927874
12;aeikgeiekegc;6;418778881067
12;aeikgerbnbpc;6;379223279820
12;afaqcdchokmh;6;635122591437
12;cerbperebepa;6;498288208935
12;cdhfafqlnjqd;6;251842910357
12;ceikgerbnbpa;6;312650969664
12;cdbfhbhbmhoa;6;247642232083
12;adbhbfqmkoqc;6;244419070385
12;aepkrecgcnai;6;419147982560
12;adqbqfqdbfqc;6;666865260583
12;cdbhbfqmkoqa;6;242273930432
12;cdhkhfhdkfha;6;85400344837
12;bereblnlijnj;6;162485338165
12;bepebfbfrdbd;5;350279335979
12;bebeirebebpg;8;103115100326
12;bdgfbnfkpknd;6;241209882674
12;ajeqeqlcqeqe;8;107414257826
12;aearcekcnink;6;178580905329
12;bdbdgfbfbeie;5;244991861856
12;akegeckncpan;6;243926598092
12;bdkbhmhoqmqk;7;563959433931
12;bdkbhmhkoqmq;5;565967521837
12;benrnpebrnpn;7;437180747202
12;aehqjqhnance;7;144118385825
12;beikgkekikgb;6;368714029216
12;aehcnanqjhqe;5;40974163042
12;aehqchnqechl;8;5609950337
12;aeanehqjqhnc;8;137642609825
12;aecenheaechn;7;211635146786
12;bdqbkdkfhmkh;5;240688699435
12;bfkdkqhmhqbd;7;39208028331
12;beikgkekbikg;7;368702442656
12;cechqnelqhna;8;39836522500
12;bengnkpkrebp;5;107566405664
12;ceaqnheaenqj;8;138753936389
12;bepbiegnekgn;5;109774768288
12;bepernpnbkgk;7;350462465303
12;bdbfqkdbfkbq;7;46779308557
12;bdbfqkdkqhmh;5;693817124064
12;adhdqnjdqdhn;6;696033315521
12;afamqkocdchk;7;348075869798
12;afamqkqocdch;7;350073839204
12;adldqnfjfchn;7;48393556064
12;adldqnqfjfch;6;252464269473
12;bdgogkimifbq;7;105264978095
12;bejnjpbnjejg;6;3728807989
12;belplibngjrj;7;729751329026
12;bfpfiknkgdrd;7;257837545570
12;beilpblnjrjg;7;145122971074
12;beilplnjrjge;7;245087917154
12;bdnhbdkndqkd;6;554287863853
12;bdbqebqebqdb;6;119357905417
12;bfblqlhohjqj;6;457082765802
12;cdhfcdhfhaha;5;250288474240
12;ceaelnahchnj;6;241665477760
12;aehaqaknqahk;6;243940888610
12;behjhlejhlhb;6;208410811552
12;aececqaeaecq;3;242837717030
12;aehjhlejhlhc;6;209384084514
12;aekapckecngn;6;281673838767
12;bdkhdnkdbqnd;6;181569555072
12;aeceaqceaeqc;6;172943842310
12;bekniqnkebrh;7;263556465026
12;beknphnkebgq;7;297900498018
12;bdkqobmqkfhb;4;250351817408
12;adhelqjehfcn;4;247499690029
12;adkqobmqkfhc;4;251426658336
12;cdkqobmqkfha;4;249277024406
12;aeaeiegciegc;5;243958941856
12;aeanrncekcik;6;287937366385
12;aejqnhejhenl;6;247097984069
12;afcjoamlodcm;6;148352640471
12;afrmdcfaopcd;6;560665437643
12;aehcnehqchnl;8;211629904097
12;bdbkqdhbmhfq;7;119727138381
12;aeqhahecnjhn;7;138688004194
12;cdqbeqbeqbda;6;595495132352
12;cdkhekhekhda;6;757672811840
12;bfrjdbfblpbd;7;697045582446
12;bflpdbfbrbjd;7;495335014891
12;adbqebqebqdc;6;16278308179
12;bfpfkingkdrd;6;250824294818
12;ceceaqceaeqa;6;175024183335
12;aepeoceamrce;7;399507103782
12;afcdogfadcim;6;251443291596
12;aemreceapoce;7;465303526470
12;bejelrjelepb;5;258950142228
12;adcinafcdngf;6;257903903853
12;bejnhbjnjeqj;6;68893772836
12;belejhlejehb;6;75269968032
12;ceqahqenaqnj;8;34566377699
12;bfkbhfqboqdh;7;253001147981
12;bepbikegnekg;7;418793213111
12;bdidkfgfbrnp;6;499482185088
12;afpldcfjarcd;6;114022175783
12;adkqekqekqdc;6;659858887808
12;aeikngerbnpc;4;243924142124
12;bfbdikfbdbkg;6;244079854869
12;ceaoeqeceaqm;7;263286497923
12;bdbikiqmqgkg;6;241126643403
12;cepaocmreoam;6;241975776896
12;adlcnafcdnjf;4;231026789408
12;afkcmadcofkd;5;663745134639
12;ceajocmloeam;4;497328163456
12;afaqmkoqcdch;6;246997332146
12;aenrnpecrnpn;7;402836164673
12;aeikgkekcikg;8;403075241409
12;afcdjifadcgl;6;246502406196
12;bflqkmhokqjd;4;213846687778
12;becikgaebrnp;4;258943861194
12;beoiegmbiege;8;312179294310
12;bfikgkdkikgb;5;162883810336
12;bfikgkdkbikg;7;162514646464
12;aecoeheaechm;8;658285536655
12;bdbfrkdbfkbp;7;215054900333
12;bemiegobiege;7;242822185062
12;bebmrgeipobe;6;628311654511
12;bdikgkfkikgb;5;598484290240
12;bdikgkfkbikg;6;220527102304
12;bebgorepmibe;6;247004823668
12;cdkarcpkfrap;6;634753947907
12;bdbfqldbfjbq;7;45370021997
12;cdaflpdcfarj;6;559625505443
12;aecloamjeocm;5;247036220065
12;afoldcfjamcd;4;247636953131
12;bdhchafchahb;5;255089283126
12;beiapkrcgebn;6;122589057248
12;aecengeaecin;7;383402053687
12;bdbfqjdbflbq;8;47865632877
12;aecmeheaecho;7;349440065129
12;aenperncpere;6;497213770797
12;adckiafcdgkf;6;281834818605
12;bfbhoqhkfkqd;5;765762078816
12;bfbhqobmbqhd;7;113430443584
12;begekingnbpk;5;258946107492
12;bfbhqoqhkfkd;7;696965641792
12;beaqhnejhqnb;8;140862561349
12;aecehqlqhncn;7;5409736806
12;aeqcqnelnhch;5;7687309348
12;bdbhqmqkdkfh;5;51074144416
12;aenhjhlnehch;7;76373038118
12;bdkqfhmkhdqk;7;181697352386
12;bdhbokmbhfbq;6;36691384416
12;begqebnkphkn;7;368331462835
12;beiqebebqgbe;8;347950192915
12;behpebebrhbe;8;414717332646
12;bdhqnkboqhek;8;560174085707
12;bepnkgnrekpk;7;174201372710
12;aeqchahqehch;7;243875741862
12;adaqfakmahok;6;281761121871
12;aeqhjelehqce;7;178315594881
12;bdhkmfbhdhqk;8;49072836706
12;beikrgekbikn;8;362278047189
12;beiegrnknpbe;7;36934112518
12;bfkbqbdbfqkd;7;687372709455
12;aekhanchkecq;4;72112872480
12;adcmfkdafcko;6;385071004717
12;beikepnrekge;6;277197413478
12;bdbobkqkfbmh;7;701763790351
12;bfchcoamhbda;5;242837916694
12;bdafaecfcdbe;5;249145972178
12;afrdchfapcdh;5;643209213376
12;bdilgfbidjfg;5;501612578944
12;behmkoheboqm;4;242837657696
12;aelekqcnjnkq;4;242770679840
12;akfckhcqoqah;6;287937383466
12;aeiekcncrank;6;245000321377
12;afpndcfanrcd;6;251461162507
12;adcdqkolmlqe;4;247602782258
12;bflpdrbpfrjd;6;250522304629
12;afbfancdbdcn;6;285806268657
12;adcofkdafckm;5;247569065325
12;adqciaqfcdgf;5;257903675042
12;bempbmkmegkm;6;563417827382
12;bemrbmkmeikm;6;423766366256
12;cdaflqdcfaqj;6;250383305379
12;aebfancdbecn;6;281392812273
12;adcnfkdafckn;6;247014429197
12;belpjrebplrj;5;420017707042
12;bdnkiknfbfrd;6;590092679520
12;beiejegeilgb;5;253985458624
12;blejijpbnrlg;7;418207812800
12;berjrlqeaiag;4;247535346098
12;aehaojdbqdlm;4;255688607776
12;bekoimkeborm;5;628311404000
12;aekarckecnin;6;350322007441
12;bfbikiqogqkg;6;244482328141
12;afcndhfadchn;5;252520173602
12;afcngaidgcin;5;251446447148
12;bfpdkrbpkfrd;6;9836371042
12;aeanraknaeik;6;803333573137
12;beqlfjdqdada;5;251998078229
12;adhcndjdqldn;6;253686556717
12;bjfqjdjbohjm;6;524142356526
12;aehpjelerhce;6;418835500087
12;cdqaocmqfoam;6;247553139347
12;afrcdhfapdch;7;505769101476
12;ceparopcream;5;261101790848
12;bldbrbpfjrbp;7;294396601460
12;afhboamahadb;5;244990417504
12;beiejgbilege;7;139761582182
12;beikdpnrfkge;5;242837654534
12;bejnijbnjerj;6;711009607714
12;aernhrjnrerh;6;256125766824
12;aemqmhjhoqoe;6;601468144710
12;aernhrjphnpe;6;249314217121
12;aemqmhjmehmq;6;591804350534
12;bejninleblrj;6;699188879394
12;bflekfbdkejd;5;247300637813
12;ceqaqoqcqeam;6;639058978016
12;bfkpnfkfbgfn;6;538148196392
12;cfnqfhlhdqnd;6;317999626467
12;cegngqlngeqg;6;251965052937
12;bdkdnpkdbndg;6;247615263285
12;bdkdnpnfkfbg;6;246978777461
12;bdbifqdgbfbq;7;36932130912
12;bdhcokmahfbq;5;36679670880
12;afhaqakoqahk;6;245533068336
12;bfbqdifqbdbg;6;250584611157
12;bdqgbgkmgqkg;6;241127053867
12;bfknfgdnkdbp;6;499462253831
12;bfknfgkfbfnp;6;533821992136
12;bjejngjbnjep;6;295485294645
12;bjejngnlelbp;6;295484863535
12;bfbdqibmbogq;6;285317642837
12;aeiekgcikege;6;253589723233
12;adahejflfhfb;5;247600297088
12;afkqdqcqfqkd;6;489798274127
12;bfijgldjbilg;6;659690665440
12;behlgjgegaia;5;253588876864
12;aearkeanaikn;6;258844332384
12;bejngjbnjepj;6;660528056374
12;adhaqakmqahk;6;264788530228
12;bfqgbgkogqkg;6;264145323597
12;afnqfhjhdqnd;6;18426301527
12;aegngqjngeqg;6;241797450357
12;afnqfhjnfhfq;6;15204945207
12;aegngqjqinie;6;241797444691
12;aeanpkanaegk;6;607925569943
12;aeapkeanagkn;6;402725736480
12;adciakfcdkgf;6;257903857229
12;bfceafbdaecd;6;257903873621
12;bfbdqgbmboiq;6;420015604305
12;bfkrnfkfbifn;6;228145080365
12;adckgafcdikf;6;247273753869
12;adckhcqmqahk;6;255124844590
12;afqchahqdhch;6;247548497066
12;ceknapcnkeag;5;247363372210
12;cdharchpfrap;6;217068395779
12;adqnhfjdhnqf;5;247602380877
12;bdqohkqhfqmq;7;250786557581
12;begbebpibrbe;7;245166774389
12;aeakpeankagn;6;282110052532
12;adcfnjdafcln;5;247047655469
12;ceaoehjelehm;6;654426933888
12;afcdkgfadcik;6;244999797105
12;bdkdpnkdbdgn;6;291161901166
12;adchjafcdlhf;6;247632268621
12;aepcgareceie;7;259322744210
12;adqlqjfcnjnl;5;241779956096
12;afcdngfadcin;6;388885385271
12;bfgmqgkqogdg;8;662920970485
12;bdkdrnkdbdin;6;359881390176
12;afaqkqcdcohm;6;556885379693
12;aegqngjinqie;6;241782754690
12;afqmdcfaoqcd;6;766656551979
12;cfalqcdafqjd;6;253708929045
12;cflndafcnajd;5;240825076085
12;ceokmaockeam;6;241774437011
12;cegarcpierap;6;693656280099
12;afqldcfajqcd;6;766823636585
12;afkcoadcmfkd;6;663744423375
12;akeckdkaekcd;5;240624797740
12;cdhnhfaflqjd;6;148837407776
12;cfkdmafcokad;5;592878176367
12;belpbrbjeibg;6;87145565446
12;belpbrjgeibe;7;2185745510
12;belpbrjebrep;6;2621953075
12;adkeldcfjekf;5;247105326133
12;cdafoqdcfaqm;6;247553663619
12;belbdbjebldj;5;360949419047
12;cdqaqcfaqcqa;5;586435116310
12;bfbqbkdbfkqd;7;119223255622
12;bepoiokgoroe;8;463468822625
12;adhfkhkhcmko;7;703947115205
12;aecmqelejqoe;6;728075615284
12;adhcnanhfncn;8;455643304641
12;bfjhbhbmhold;7;311556767879
12;bdbqikimgkgq;6;241136936116
12;adbeamcebfco;4;384572048960
12;cdafrkdcfakp;6;242066211491
12;bdhjhlfjhlhb;5;392524667936
12;bfbdlqbmboqj;6;385642869312
12;cebecoaebeam;5;257880598146
12;bfbrbmpdrobp;7;663242300992
12;aeiknkgerbpc;6;382426680041
12;adbeancebfcn;5;418947351776
12;cdqlqjflqjqa;5;243925387542
12;afhnqdjfqnhd;5;251428274273
12;celarcpjerap;6;624925257763
12;belnlgbnlelp;6;246964113569
12;afqnqnlqjdcn;7;16690287298
12;aerhnrjpnhpe;6;316456045730
12;afkekfcdkekd;5;728068262959
12;ceiknkgerbpa;6;313707441728
12;aecohnjqlnhm;4;247036220468
12;bjebrjgjnijp;8;570225308070
12;bfjmhboldlqj;7;76930252843
12;cdjhnhlfafqd;7;772666373172
12;adolmcoajfcm;4;659449685056
12;bdblqlhmhjqj;6;351386314445
12;bdbflqdbfbqj;8;498821373037
12;bfbdlhfbdbhj;7;387692593349
12;beopbrbmeibg;6;253985753365
12;afqflfjeqadb;5;113988640448
12;afcdikfadckg;6;259145087061
12;cebfcoadbeam;4;244995695936
12;adlnhndjdcqd;8;282978897995
12;afbeancebdcn;6;458007613664
12;aeglqjiechnh;5;41343368354
12;bdrohmpfbqkq;6;243242537312
12;bfkelfbdjekd;5;625089987695
12;bebncgrkipan;6;208343768069
12;adcohahfhchm;7;495637046551
12;adkekdcfkekf;5;262171266086
12;cdarcopfrmap;5;260018064662
12;bdbfhrbobmph;6;728155628640
12;aebeaocebecm;5;247039960704
12;bdqflmbojqbq;7;137630032994
12;afoqdcfaqmcd;6;251432158411
12;adbeaocebfcm;4;247129771648
12;afbeaocebdcm;5;251479041664
12;cfaoqcdafqmd;6;242850934417
12;ceielegeaijg;7;557899155085
12;belbrbpjerbp;8;277073812596
12;afjqdcfaqlcd;6;251745285164
12;aecgqelejqie;6;499461918194
12;aeceqmlejeoq;6;7695109158
12;bdbfhpbobmrh;6;254027441824
12;bfkejfbdlekd;6;636901326959
12;aeqlfjdqdadb;5;253071795872
12;afkejfcdlekd;5;225657752623
12;bebejibglrep;7;262032130150
12;aerkpkecgkik;6;93788846133
12;bfidjfgdbilg;5;659689998816
12;bfnpdrnbpfrd;5;456814463072
12;beienbikerkg;7;259196734914
12;aelhecnqhchn;7;40876643459
12;adaqfamkahko;8;584621677156
12;aeqoeceamqce;8;193350081638
12;beahcehceahb;5;241698998432
12;adilgfcidjfg;7;364175397057
12;adilgfcdijgf;6;350216752769
12;afplrdcfpjrd;6;109698895943
12;afplrdcpfjdr;7;109598233077
12;aecrepaiagbe;5;254816554030
12;aecrepeqjplp;5;261124805682
12;bfrfgnkfnifp;8;285282327916
12;aecearceaepc;5;260118259366
12;afcdkhfadchk;5;244999793702
12;beolmjelbojm;6;281455746210
12;ajdclhfocdmh;6;263476019251
12;behaheqnjnqb;5;246022342752
12;bdmpfobriopg;6;138680571975
12;aeiecehlgjhe;5;241778965088
12;bercpereaepb;5;249682921845
12;afqjdcflaqcd;6;766839364652
12;aeijglejcilg;6;556619896289
12;beraperecepb;5;568785471926
12;bfafcebecdad;5;252334082734
12;aemlqmjmechm;6;453630863660
12;blebrbpejrbp;7;69977988212
12;begdidpbrfbd;5;258944475211
12;bfbqikiogkgq;6;250592991821
12;aecgoaecmeie;7;258852982028
12;afgcnanidncn;7;388879552993
12;adchnafcdnhf;5;247632049203
12;adlfncdancjf;6;350711680045
12;aercgapeceie;7;568193387922
12;beijglejbilg;5;659687508128
12;bjebrbpelrbp;8;288904862838
12;bdbhpkpmrkrh;6;678139995296
12;aepcharhehch;7;244043501734
12;aecmhaecehoe;7;731994721798
12;cegkbenpbkna;8;326806256300
12;aeceqilejegq;6;733792438310
12;aecoqeqejqlm;6;250655820389
12;belejilejegb;5;75582526944
12;bdbrbnpfrnbp;6;723807348416
12;afaqkcdcohkm;7;51208271458
12;afpldrcpfjrd;7;760386423879
12;bfbhpkporkrh;6;731323537984
12;bdijgfbidlfg;5;207416330336
12;afpdchfarcdh;5;351319213216
12;ceharcpherap;5;384403954722
12;aerchaphehch;8;312595209382
12;adobfhbhbmhc;6;693886058547
12;afpcdhfardch;7;213711325348
12;adaecdcfbebf;5;247334249129
12;bfjmhobhbhld;7;78554824838
12;bdnkdpfknfbg;6;259893858581
12;aekekiegcrkp;6;122654233632
12;bfbrbkdbfkpd;7;604219572581
12;cearcnpernap;6;600226040003
12;bdahejflfhfa;5;247565746596
12;adchckqmqkah;6;255131324458
12;cflmdafcoajd;6;262315640853
12;adclqofldmqj;6;770112290867
12;aegplirelcpj;6;760393057376
12;aebdancfbecn;5;418831779040
12;adchoafcdmhf;6;261590685741
12;afcpdhfradch;6;728033659364
12;aeolmjelcojm;5;315838534720
12;aeilgeiejegc;5;110044271648
12;ceaeiegciega;5;241813326208
12;akeperkceieg;6;69462625333
12;bejpbrlebrep;6;243139925011
12;bejpbrlgeibe;6;242703782918
12;bejpbrbleibg;5;258944289862
12;adjoqmlfcfbd;5;257870736977
12;bdnpnrfbning;5;247148651788
12;aeraperecepc;5;604218963648
12;afafcecebdbd;4;241764470208
12;bdbhfrdhbfbp;6;742262118624
12;bfqflfjeqada;5;78555218166
12;ajfclqfojdmq;6;261261492277
12;bdmrfobirmgp;6;76403546241
12;aejilgecijgl;6;281456776929
12;aegpjrieclrj;6;588589291616
12;adlfmcdaocjf;6;350346775821
12;adcgnafcdnif;6;252635855117
12;adcgnaifgcni;5;249750574130
12;adcgoaifgcmi;7;220754956327
12;afidjfgdcilg;5;556610456045
12;admhjafclhof;6;6513921249
12;afohlcoajhmd;6;243908218950
12;afqfhnjfhfqn;6;760795477056
12;adcgmiafcgoi;6;392073395232
12;adijgfcdilgf;6;556368268769
12;adijgfcidlfg;7;550999887348
12;afpdcgfarcdi;7;740020027783
12;afpjrdcfplrd;6;590745713740
12;adijfgcidlgf;7;178914332129
12;cdarmcpfraop;7;185257396502
12;aflcqfojdmqj;6;663811948598
12;bfpjdbfblrbd;7;245033632427
12;afckoamkdocm;6;251935172037
12;adjofcdamclf;6;294713232429
12;bdcfceafadbe;5;247334240945
12;afadbebdcfce;5;260219115200
12;beadcdbfcfae;5;261192190630
12;afnrdcfapncd;6;10920636459
12;adicgniagfcn;6;6630478049
12;adclojaflcmj;6;254894482784
12;beafcfbdcdae;5;257735906762
12;adbqmaocqcfb;5;247602421921
12;afadbqaqcoqm;5;619721723616
12;adhfcdhfhahc;5;252368259776
12;cdaeaebfbfcd;4;243911821577
12;adlqjfcocnam;5;350215358048
12;afbebfcdcead;5;258944213323
12;adcecebfbfad;5;263373655360
12;aecdcfbebfad;5;258944475459
12;afpjdcfalrcd;6;251476857900
12;belijebnlrjn;5;241779685504
12;cdqkdaojhejm;4;262169528374
12;aecfaeceafce;5;243039412261
12;aecojqleqeqm;6;250622837350
12;cdgfarcdifap;6;707816512544
12;cdgfardciafp;7;707816117728
12;afpdcifarcdg;7;740016886026
12;afpdciafrdcg;6;740218210566
12;cdarmpcfarop;6;185254119926
12;afnqdcfaqncd;5;10910149686
12;adhkfcmcqkao;7;666865271495
12;adadaeadadae;6;258340346546
12;aecfbdceadbf;6;246260638994
12;bdbeaeafcfcd;5;259380394080
12;cdbdcdcdbdcd;6;255924290632
12;bfcdcqnjmlmq;4;260017797728
12;afbdbfadbfbd;5;260017523974
12;bfibgbhmgogd;5;257870734962
12;beaecrepaiag;5;251461215493
12;cdjqlfqdqead;5;484430088471
12;adbdbececfaf;4;247266805939
12;afojmcoaldcm;4;246629377088
12;adkhfcmkcqao;7;703479349857
12;afqdncfanqcd;5;764676742187
12;bebeijpbrlge;6;242722451552
12;bfpmhorbhbhd;6;264311031307
12;adqfcqaqbmao;5;604688865344
12;bflqdbfbqjbd;8;731577548939
12;afhadakoqamk;6;255726800172
12;afhadaokqakm;8;665722463959
12;bfrkdbfkbpbd;7;456412070510
12;cdhlhfhdjfha;5;258272769746
12;aeiejegeilgc;5;254015551533
12;bflrdbfbpjbd;7;250523026030
12;bfrldbfjbpbd;6;320147522158
12;afordcfapmcd;5;251432143910
12;afrdocfampcd;6;251432150475
12;adkfncdankcf;6;249589009453
12;bdafahnlojoh;4;247266910898
12;afadhdjdlehb;5;253572631872
12;aempecearoce;7;258859508358
12;adkfocdamkcf;5;247609294893
12;bdbdcfcfaeae;5;251461215245
12;afrfpebgdifa;5;251897783712
12;afclmjadlcoj;6;251572695392
12;aemqecmjmhlm;8;654426112078
12;bdjhfjbmjqoj;6;393146239264
12;aemqeceaqoce;8;671169401574
12;bfjrdbfbpbld;7;250604061294
12;adhcdjdnqnld;8;566505059009
12;aecrjrlqerep;5;252602037286
12;bdqfjmbolqbq;6;23794525282
12;cdokmqkqkfqa;6;703474993427
12;cdbfqmkhkoqa;6;245390298432
12;aerneceanpce;6;249481733798
12;bfphbobmhrbd;6;257850804907
12;aepenceanrce;7;387692798438
12;adqfcmcobqcq;5;207404912192
12;cdhfnaflqnjd;7;241170056330
12;afqkdcfkaqcd;5;759307443242
12;cdnhfaflnqjd;7;138012953295
12;afkqdcfaqkcd;5;663744626735
12;admjfocmdlof;6;260030532993
12;aeanpnceckgk;6;493024709015
12;bfhrbobmphbd;6;284734196332
12;afamhochahbd;5;260030804019
12;ajdclojaflcm;6;453537768800
12;bfqjdbjohjmj;6;280997505071
12;bfqjhbjohjqj;6;813565051434
12;aehcojeoqmlm;7;589567299680
12;aeqciaqecege;6;261105951172
12;cdbfcoadbfam;5;247251183234
12;bfbqlbdbfjqd;7;119223812778
12;bfnpnrdbning;6;250369872142
12;bfjmjqojdbjh;8;672440458404
12;adrciapfcdgf;5;326623136431
12;adpciarfcdgf;5;257904118435
12;ceraperecepa;5;670791567405
12;adcofjdafclm;6;281828205933
12;adcfqdqaqfqc;5;625291343328
12;aepelerecpjr;7;631068349120
12;afkpkrdcpkrk;7;314290134368
12;bfbdlgfbdbij;7;397792706993
12;aeciqelejqge;6;432904616998
12;aeceqolejemq;5;7688883242
12;cfaropcdarmp;6;454947867281
12;cdifarcdgfap;6;192550165536
12;afrdcifapcdg;7;315011219919
12;cdifardcgafp;7;589834640480
12;afrdciafpdcg;6;315032176911
12;bflbqbdbfqjd;8;322629730901
12;bflpjrdbplrj;6;454947876898
12;afngncnaidcn;7;20592497386
12;cflqdqaqfqjd;7;246203625475
12;bfjbqbdbfqld;7;263713408588
12;adcngaifgcin;5;247615262765
12;aekareanakin;6;350765555217
12;ceraocpearmp;5;603626516672
12;cearocperamp;7;688284403907
12;bflbrbpjdrbp;7;284730023508
12;bflbrbdbfpjd;7;259998286197
12;bdafamhochah;5;247033079052
12;afcgoaidgcmi;7;11515907108
12;adlhfhchdhjf;7;349473607105
12;adbqaqcoqmaf;5;281962699829
12;aeqeqolejmcq;6;187976322592
12;bebmrepoibge;7;638914298598
12;cdgafrdcifap;7;707805928493
12;adicnangfncn;7;590834111139
12;afpcdifardcg;7;121743018261
12;cdolmaojcfam;6;384992108160
12;beborepmibge;6;261527601702
12;bflhbhbmhojd;6;243308119472
12;aecgcrknpaik;7;244148356530
12;aecgcrnknpai;7;587609609714
12;aecijinqnglg;6;245970963500
12;beglpahnarjg;4;240690604075
12;bdbgfrdibfbp;7;742262135822
12;adlmqbmjfahn;4;521990670496
12;cdqaqoqcqfam;7;625309394583
12;adnifgncidgf;6;250842450061
12;cereaepercpa;5;281627036021
12;cdaoqcqfqaqm;7;260438379798
12;adlejdcflejf;5;368465415206
12;adcmhahfhcho;7;289478622673
12;adcmhafcdhfo;6;384437665293
12;bfbiberdpebg;5;250366497358
12;adcnhafcdhfn;5;247584788525
12;adchakfcdkhf;5;247631875114
12;adbfafcebecd;5;263406505006
12;afcfcdbdbeae;5;241931827552
12;bdbrbopfrmbp;7;730753115843
12;afkcekafckek;5;454264310816
12;bejngnleblpj;6;660527724588
12;afcgoiadcgmi;6;114595123232
12;bfcdbfbdcfbd;5;242837933582
12;aenreceapnce;7;626382614566
12;aflqjnqnqdcn;7;463386809025
12;beaeiegciegb;5;242883866661
12;ajfclojadlcm;6;384751248800
12;cerkekegkipa;6;245304953355
12;ceaeloahchmj;5;242014948000
12;bfrmhopbhbhd;7;490870562315
12;adilfgcidjgf;7;350565174913
12;celejilejega;5;41221720751
12;bdlbrbpjfrbp;7;281946858612
12;aflekfcdkejd;4;247502277685
12;afpdkrcpkfrd;5;50638556224
12;ceaoereceapm;6;249313135245
12;bfbdilfbdjbg;7;387961273621
12;bfbdijfbdlbg;7;250521276693
12;cdikgkfkaikg;7;564124550602
12;bdbfrjdbflbp;7;693956336749
12;aecoegeaecim;7;245974639628
12;cdraocpfarmp;7;591989408406
12;cfbfcoadbdam;5;247044613773
12;adbdadadbdad;6;261225469006
12;adkejdcflekf;4;247138881587
12;bfpldrbpfjrd;7;697042665570
12;cdiafrdcgfap;7;192214817828
12;beimbmkermkm;6;325884949954
12;aeplrjeclpjr;6;402830610496
12;aegecnckpakn;6;249447493678
12;bdkidnkdbrnd;6;40219806176
12;bfbplbdbfjrd;7;486778896967
12;afahaocmchcd;5;260019588140
12;adqcqfqdafqc;5;364775135264
12;afolmjdlcojm;6;315834686528
12;aeaeciaecegc;5;244160563648
12;bejilelbnrnj;6;695363209632
12;bdcfqdqaqfqb;5;590897848751
12;cfojdmaoflmd;6;316053476375
12;bebelibgjrep;6;264178565221
12;bdjhjqbmjqjh;6;453723167779
12;ceiarcpgerap;6;775245978659
12;bfbrbopdrmbp;7;663241121349
12;aeaebfbfcdcd;4;244348310560
12;bdbifrdgbfbp;7;742272621696
12;blepbrbejibg;6;589824121095
12;ceaohehelhjm;7;723307923939
12;adafbebfcdce;5;247602422441
12;bdqcqfqdafqb;5;329341064896
12;aecemqlejeqo;6;743104953382
12;adhchohahfcm;7;498400044683
12;aeielegecijg;7;626551535233
12;aflqdqcqfqjd;7;262212160597
12;aepciarecege;7;261240529357
12;aerciapecege;7;329825788367
12;bfidlfgdbijg;5;246547516032
12;afhcnanhndcn;7;423229667937
12;aeiapaknkrag;8;742377135809
12;beielegebijg;6;420493691296
12;cfanqcdafqnd;5;284714273011
12;afhfjfldhdcd;5;260022407211
12;aeielgcijege;7;254160145825
12;aficgniagdcn;6;10928361697
12;afrkdcfakpcd;6;251360454085
12;cehmeamlqmjm;8;604221375076
12;bfqjdbfblqbd;8;765731176683
12;aeroeceampce;7;262364210854
12;afnincnagdcn;6;309428599892
12;admlfocmdjof;6;257885081025
12;bfnkfgdkndbp;6;122075569824
12;afikgkdkcikg;7;162415413697
12;aeoiegmciege;7;357276060710
12;cdajocmlofam;4;728249764480
12;aflcmadcofjd;6;251639377973
12;afjqdqcqfqld;7;246203550796
12;aemiegociege;6;254163291178
12;adikgkfkcikg;7;632844034497
12;adlhdjdcnqdn;8;288078663362
12;cfoqlcdajqmd;6;241762897926
12;ajegplrielcp;6;503824335968
12;afkpdcfarkcd;6;663754911791
12;begmbmkepmkm;6;394604786722
12;begfiebrbdbp;5;595025157472
12;bfbpkbdbfkrd;6;246260728274
12;aflnfhnjfcfq;8;551213830221
12;bdngbibnfrbp;6;728675722336
12;cdcfqdqaqfqa;5;556504942957
12;afcohahdhchm;7;286123281873
12;afchckqoqkah;6;240608791596
12;bfjhjqbojqjh;6;315848007235
12;adaokqakmafh;8;49109012180
12;afjqnjdcmhkm;4;565564246061
12;aeikapanrakg;6;251629320488
12;afqcdhfaqdch;5;247399975460
12;ceqaocmqeoam;5;241774448736
12;bdkbrbpkfrbp;7;280855290990
12;aepelrcpjere;7;453799578711
12;aebrnpbecikg;4;259145763264
12;bdkgdnkdbpnd;6;674819148320
12;cdojmaolcfam;6;247553147531
12;bdqjhjbmhjqj;6;557846743757
12;adckeakdkcek;5;351755506720
12;bfbrbjdbflpd;7;603627127148
12;cearcmperoap;6;253421062339
12;adhjhlfjhlhc;5;289478510646
12;afaeafafaeaf;6;254951074152
12;aeqjplqecere;5;384672762039
12;bfbrbldbfjpd;6;603615625590
12;adgcnanifncn;7;493032378849
12;adgcnaifcgni;7;46531302784
12;aecgmaecoeie;7;739879881991
12;bdrfbnkdifkn;5;285787406025
12;aepemceaorce;6;389202747430
12;bfpkdrbpfkrd;5;250354542704
12;adlofcdamjcf;6;360983530541
12;cfarkcdafkpd;6;259884010501
12;cfarcnpdrnap;5;181131249699
12;aemperocpere;7;494010371127
12;adpkrkfkcpkr;6;465340323904
12;afcdhkfadkch;5;240689690660
12;bfhjbobmlhbd;6;313712647744
12;aepekrcpkere;6;453123279959
12;bfjpdrbpfrld;6;250369212524
12;adifkgcikdgf;5;247611787393
12;afpchahrdhch;7;258923515050
12;adhfcmcqkqao;6;255156587126
12;aeceadceaecd;5;259951099957
12;adcdjqlfqdqe;5;625425263669
12;adldjeqdqfcq;5;660523767872
12;bfkpdbfbrbkd;7;626174230923
12;aenpecearnce;6;763502436395
12;adlqjnqnqfcn;6;418927594081
12;aecgjqlieqeq;6;174420364336
12;adokmqkqkfqc;6;703475303520
12;afojdmcoflmd;6;384705778775
12;bdhfcdhfhahb;5;251260932150
12;afckhcqoqahk;6;245096696874
12;cdhjhfhdlfha;5;456948570336
12;afcqdhfqadch;6;263103449540
12;aflqnjdcdhnf;7;662036484141
12;adqchaqfcdhf;6;260516726477
12;adqchaqhfhch;7;260506141868
12;afkikgdcikgk;7;671844043159
12;adclmajflcoj;6;254790676928
12;aepejrcplere;7;457082670167
12;afjpdrcpfrld;5;251438042156
12;bfbpdifrbdbg;7;78793259285
12;afjpdcfarlcd;5;251444002860
12;adkikgfcikgk;7;323448068498
12;aekpkrecpkrk;7;313871504864
12;aekikgecikgk;8;87224948107
12;bfpjdrbpflrd;7;147278463074
12;afcogaidgcim;5;251427573201
12;adkfhmbqbohc;6;703479208032
12;bdaqamaobqfa;5;178279005202
12;afcqdifqadcg;5;244148340789
12;cdarcnpfrnap;5;119357868310
12;bfbkpbdbfrkd;7;227821519439
12;aeiejgcilege;7;768985796065
12;adbfcflmhojd;5;247602632273
12;aeremceaopce;7;360076813990
12;bfjpdbfbrbld;6;245000099851
12;bfkrdbfbpkbd;6;628310941294
12;bfolmjdblojm;5;281470415906
12;aecqeicqageq;6;402724683813
12;beibgorepmbe;6;242703761869
12;aecqoelejmqe;5;108989450279
12;aecfcojqlmad;5;246159707186
12;afkhkadaoqam;8;631378744935
12;aecohaecehme;8;565947535014
12;bfbqjbdbflqd;8;119224861260
12;adcgkafcdkif;6;242972036365
12;adcganifgnci;5;255120640036
12;aehdhflhjdcd;5;260028238900
12;bfbhjobmblhd;6;9838496395
12;adjilgfcijgl;6;288993938145
12;aecmgaeceieo;6;732833451047
12;adpcharhfhch;6;258359199916
12;aechoaecmehe;7;244880299366
12;bdbflpdbfbrj;7;601904107213
12;bebrjgjnijpj;8;655032989127
12;bdhjhfhdlfhb;5;458056473632
12;aecqmelejoqe;6;109133695015
12;aecqegcqaieq;6;258843279717
12;beibgmrepobe;7;380142518735
12;bdkikfbnfrnd;6;40112359904
12;afcecebdbdaf;4;246965423157
12;aeiejegecilg;7;563254245869
12;begdiebrbfbp;5;740416412128
12;aechmaeceohe;8;725916618214
12;bebjrbplerbp;7;277063317615
12;adqnqnlqjfcn;6;6623315554
12;afoldmcofjmd;6;316053412949
12;aecijqlgeqeq;7;174365838374
12;adhchmhahfco;7;391019773518
12;aerdpdbdgfia;5;251629339808
12;bfadhdjdleha;5;253570964041
12;aecmiaecegoe;7;742027469542
12;aegakeanpkan;6;262533728302
12;aegecehlijhe;5;260017786382
12;adjnfcdanclf;5;259950854189
12;bfpldbfjbrbd;7;93621355179
12;bfimiohbibgd;5;250354350442
12;bfblpbdbfrjd;7;678274040405
12;aecmeieaecgo;7;321120124373
12;aecoeieaecgm;7;492918810101
12;adjdkohmjdcd;4;260017772587
12;afidgbgmgoha;5;247070798240
12;aecimaeceoge;7;742030450726
12;adckhafcdhkf;5;247072440365
12;aecogaeceiem;7;253487419041
12;afhchohahdcm;7;388878575246
12;aeiakeanrkan;6;243391805491
12;cdahfrdhcfap;5;261393563685
12;cdarcmpfroap;5;253574547734
12;aeicnangencn;7;601369973197
12;adrchaphfhch;7;317414443180
12;adrchapfcdhf;6;317425027789
12;cdcfbfbeaead;4;247267068075
12;adqfqelfjfcq;5;379202910688
12;cfoldmaofjmd;6;384705846293
12;aeopermcpere;7;490771320503
12;bdbfrldbfjbp;6;384706108429
12;adbfbdafbdbf;5;247031932021
12;ceaorceaepem;6;252914567189
12;afqdkqkqcokm;6;607351064768
12;akfkikgdcikg;7;705030490581
12;cdaehdhflhjd;5;247380609195
12;bflmhobhbhjd;6;250823846310
12;aehrjelephce;6;247372713650
12;aeiqjqlgeqcq;6;241812507808
12;aflcoajdclmj;6;251670209984
12;aficgoiagdcm;5;251431855758
12;bfbrdifpbdbg;7;250587724053
12;afrdpbegfifa;5;251528324534
12;cdaflrdcfapj;6;250387710627
12;cejarcplerap;6;624922109155
12;aecgcnrkpnai;6;250253153894
12;aehojelemhce;6;761788501024
12;aeqeqmlejocq;7;172955471488
12;adcebecfafbd;5;263407012910
12;bebrncgkianp;5;243408217184
12;bdbflrdbfbpj;7;258023444589
12;aehlgjgegaib;5;253589998630
12;bfjbrbdbfpld;7;260170252652
12;bfjbrbpldrbp;7;284915621445
12;adclhafcdhjf;6;352662031405
12;cdhjnlhfafqd;6;120867992631
12;adkhdcmjeqjo;4;537047173174
12;bfpkdbfbkrbd;6;261125079722
12;aecinaecenge;7;260996211110
12;cebecfafbdad;5;260923755182
12;cekarcpkerap;5;624922111015
12;bdbrbmpfrobp;7;735047034560
12;bfhqbokqhfkd;6;758239036047
12;benpbrkpnekg;6;350073491639
12;bfkdhqkmbqhd;6;634761379878
12;berngbnpekbp;7;293605821623
12;bdkqhdhkfbmh;7;634619697323
12;aeqhjelnjhqn;6;207404367970
12;aechqelnqhcn;6;213741834277
12;afkaqcdcokhm;7;653018829506
12;bdqohbmbkhmq;7;633111362656
12;aenqjhneahcq;6;143949796448
12;aenhaqejqche;7;241665315971
12;aeqcijingqlg;7;6696242348
12;cdjnhlfanfqd;7;119760036549
12;aeckgcrnkpai;7;244026852774
12;adcgoiafcgmi;6;220892319776
12;afcdafcdafcd;4;242837887027
12;blflqdlbolhm;6;161613989941
12;aekcoamkoecm;6;247036257971
12;aecgnaecneie;6;258843555083
12;aegcnaniencn;6;693721216481
12;aecgnaiegcni;5;244179814438
12;cearopcearmp;4;688452110528
12;afqdchafqdch;2;247401122336
12;afqdchfaqcdh;5;767092170272
12;bdikgfbidkfg;5;428605803040
12;bfqgmgkogqdg;6;247409935939
12;afkhaqaokqah;6;6483774052
12;aeqemceaoqce;7;189050166374
12;cdaropcfarmp;6;282986646166
12;afkcnadcfnkd;6;664046416943
12;aerchrjnrlrh;6;804438478368
12;bfjqdbfbqbld;7;250670764459
12;afjelfcdjeld;5;247049751596
12;aeahcehceahc;5;242672047140
12;adakqkfamaho;8;670527985348
12;becicgbepara;5;259145271301
12;cdqkolmlqead;4;258944272843
12;aehaplgnbgjr;4;255721474100
12;bejglelbnpnj;6;193847560672
12;adbqojolnqaf;4;247300379683
12;afnhncnahdcn;7;21666186323
12;bfqldbfjbqbd;7;765951377650
12;bdpfbnkdgfkn;5;643343434441
12;bfadqbmcocqa;5;36679302166
12;cejqleqlejqa;5;109525895335
12;adkpkrfcpkrk;6;323539294592
12;belgjebnlpjn;5;241779018880
12;bfaecfbdcead;6;246227187979
12;cegaglqngqjg;8;19044416131
12;bemreobokikm;6;457421461548
12;aecicgbeparb;5;260118250662
12;aegekcncpank;6;260016996750
12;bjdbrbpflrbp;7;296539890806
12;aeiecnckrakn;6;243048921132
12;bfkrkdbdnifn;6;365598720045
12;aecoiaecegme;7;604588712614
12;aeafafaeafaf;6;243811439912
12;blegeijberep;6;589757385318
12;afadqbmcocqb;5;72113161920
12;beaeafcfcdbd;5;250387793931
12;aflfhjfcfnqn;8;551339570282
12;afopdrmcpfrd;6;457720925664
12;cfaorcdafpdm;5;241777183363
12;cfaorcpdrapm;5;249296521873
12;adadbdadadbd;6;258038468033
12;bfbhpobmbrhd;6;250556594752
12;afbdaocfbdcm;5;251435361920
12;cdjnhjfamkqm;4;625694061600
12;bfbhrobmbphd;6;422167928160
12;bfbjpbdbfrld;6;249282727500
12;afrchaphdhch;7;315831340202
12;adafbfbececd;5;263708477897
12;bfbkrbdbfpkd;6;19500041583
12;bfbkrbpkdrbp;6;284714274375
12;cearncperanp;5;264144849187
12;adcgniafcgni;4;252669809696
12;bdknidkdbnrd;6;257875916898
12;adplrjfclpjr;5;437190252608
12;cdcdbdcdcdbd;6;250622840264
12;adgcoaifcgmi;7;208009515360
12;aemqjqloeqcq;6;723315177536
12;bfbpbjdbflrd;7;246262825548
12;aeafcfcdbdbe;5;247031932269
12;aeceqglejeiq;6;589757647206
12;adcmgaifgcio;5;281962429485
12;adcmgafcdifo;5;384470891565
12;afbfbececdad;5;246965392715
12;aficnangdncn;6;595028189830
12;aecioaecmege;6;261001453613
12;akfamqkocdch;7;254818666084
12;bflmlhjbojdq;7;625059332267
12;berogokmeimp;7;705695127712
12;bfnpfikngdrd;7;284613130341
12;benjhqknecqh;8;145161782275
12;bdbjrbplfrbp;6;281929033123
12;bfpfinkgdrdn;7;51611655269
12;aeoqjqlmeqcq;6;207840453109
12;cdarocpframp;7;386066155798
12;afamkqocdkch;7;240857302724
12;adlndqfjfcnh;7;183681385153
12;bdgoqgkimifq;7;105484330368
12;cdafordcfapm;5;246983199363
12;afpkrdcpfkdr;7;728692728178
12;cdhfardchafp;7;664157018240
12;adcfadcfadcf;4;246965414949
12;afafaeafafae;6;258339940646
12;cearnpcearnp;2;264312555808
12;aebdbdcfcfae;5;251427851526
12;cfadcfadcfad;4;243911559689
12;adceaecdaece;5;260487446581
12;bfbdafbdbfad;5;260018056454
12;bdcdcdbdcdcd;6;255991513202
12;afpkdrcpfkrd;5;257870564562
12;bdcfcfaeaebd;5;251629600821
12;afqcdifaqdcg;5;247548217973
12;begmrdkhdpog;4;240723798069
12;adcgmaifgcoi;7;289497496620
12;adjfmcdaolcf;6;260152167693
12;adcgmafcodif;6;384706100493
12;cfarocpdramp;7;456025410193
12;cfldoafcmjad;6;260152445973
12;cfalrcpjdrap;6;627241070627
12;adpfrbrormqa;5;552076020790
12;cflpdrapfrjd;5;246193784835
12;afrcdifapdcg;7;321475021077
12;bdjoaqeamldh;4;247140257832
12;bdrmgekgopdh;4;247569944616
12;aegfifbfrdpa;5;260487271462
12;afpjdrcpflrd;7;608994069580
12;adicgmiagfco;5;384572079681
